seed = 0

[data]
cat_policy = 'ohe'
path = 'data/bank_marketing'

[fit]
early_stopping_rounds = 50
verbose = false

[model]
alpha = 9.745193765513678
booster = 'gbtree'
colsample_bylevel = 0.6551928846054192
colsample_bytree = 0.873629885087349
gamma = 0
lambda = 0
learning_rate = 0.3682599367980634
max_depth = 6
min_child_weight = 0.00296533338968678
n_estimators = 2000
n_jobs = -1
subsample = 0.7912451345978706
tree_method = 'gpu_hist'
