seed = 3

[data]
cat_policy = 'ohe'
path = 'data/titanic'

[fit]
early_stopping_rounds = 50
verbose = false

[model]
alpha = 0
booster = 'gbtree'
colsample_bylevel = 0.9859725012498328
colsample_bytree = 0.9390967356735884
gamma = 0
lambda = 3.607006600307738e-08
learning_rate = 0.001802171314263196
max_depth = 10
min_child_weight = 3.231776356179178e-08
n_estimators = 2000
n_jobs = -1
subsample = 0.6414034812882048
tree_method = 'gpu_hist'
