seed = 3

[data]
cat_policy = 'ohe'
path = 'data/analcatdata'

[fit]
early_stopping_rounds = 50
verbose = false

[model]
alpha = 0
booster = 'gbtree'
colsample_bylevel = 0.6989376795401535
colsample_bytree = 0.7572607161725085
gamma = 0
lambda = 0
learning_rate = 0.3061156050996376
max_depth = 6
min_child_weight = 0.000151332613172996
n_estimators = 2000
n_jobs = -1
subsample = 0.8367279110965042
tree_method = 'gpu_hist'