seed = 6

[data]
cat_policy = 'ohe'
path = 'data/sick'

[fit]
early_stopping_rounds = 50
verbose = false

[model]
alpha = 0
booster = 'gbtree'
colsample_bylevel = 0.5510283817844643
colsample_bytree = 0.8463277170746664
gamma = 0
lambda = 0.0002258619672456327
learning_rate = 0.623815540201843
max_depth = 7
min_child_weight = 1.317233677879026e-05
n_estimators = 2000
n_jobs = -1
subsample = 0.5088411382455749
tree_method = 'gpu_hist'
