seed = 0

[data]
cat_policy = 'ohe'
path = 'data/credit-approval'

[fit]
early_stopping_rounds = 50
verbose = false

[model]
alpha = 0
booster = 'gbtree'
colsample_bylevel = 0.7479875860502782
colsample_bytree = 0.7892656746801335
gamma = 0
lambda = 0
learning_rate = 0.04486879472147982
max_depth = 8
min_child_weight = 2.541074371450198e-08
n_estimators = 2000
n_jobs = -1
subsample = 0.683657763245091
tree_method = 'gpu_hist'
