seed = 9

[data]
cat_policy = 'ohe'
path = 'data/credit-g'

[fit]
early_stopping_rounds = 50
verbose = false

[model]
alpha = 0
booster = 'gbtree'
colsample_bylevel = 0.6040514356057036
colsample_bytree = 0.5876097317209871
gamma = 0.0009972538800380253
lambda = 2.886850217417765e-07
learning_rate = 0.163011966646272
max_depth = 5
min_child_weight = 0.01792550419215392
n_estimators = 2000
n_jobs = -1
subsample = 0.8580292141839648
tree_method = 'gpu_hist'
