seed = 1

[data]
cat_policy = 'ohe'
path = 'data/kr-vs-kp'

[fit]
early_stopping_rounds = 50
verbose = false

[model]
alpha = 0
booster = 'gbtree'
colsample_bylevel = 0.5372424781732694
colsample_bytree = 0.5768279789146363
gamma = 0
lambda = 2.208349701204509e-07
learning_rate = 0.4890618178657657
max_depth = 5
min_child_weight = 4.714115161288987e-07
n_estimators = 2000
n_jobs = -1
subsample = 0.7058112023579635
tree_method = 'gpu_hist'
